eye 50.0 50.0 50.0
look 0 0 0
up 0 1 0
d 55.0
bounds -5 -5 5 5
res 2048 2048
recursionLevel 5
ambient 0.2 0.2 0.2
light 0 3 0 0 0.2 0.5 0.7
light 0 -20 0 1 0.1 0.0 0.8
light 1 1 1 0 0.0 0.1 0.2
model 0.0 -1.0 0.0 90 0.01 3 -5 0 smooth cat.obj
model 0.0 1.0 -5.0 10 0.03 -3 -5 0 smooth wolf.obj
model 0.0 1.0 0.0 210 1 0 5 0 smooth icosphere.obj
sphere 0 -3 0 1 0.5 0.5 0.5 0.5 0.5 0.5 0.50 0.50 0.50 1.0 1.0 1.0
sphere -7 -3 0 1 0.5 0.5 0.5 0.5 0.5 0.5 0.50 0.50 0.50 1.0 1.0 1.0
sphere 7 -3 0 1 0.5 0.5 0.5 0.5 0.5 0.5 0.50 0.50 0.50 1.0 1.0 1.0
sphere 0 -3 3 0.5 0.5 0.5 0.5 0.5 0.5 0.5 0.50 0.50 0.50 1.0 1.0 1.0
sphere 0 -3 -3 0.5 0.5 0.5 0.5 0.5 0.5 0.5 0.50 0.50 0.50 1.0 1.0 1.0
sphere 0 -3 7 1 0.5 0.5 0.5 0.5 0.5 0.5 0.50 0.50 0.50 1.0 1.0 1.0
sphere 0 -3 -7 1 0.5 0.5 0.5 0.5 0.5 0.5 0.50 0.50 0.50 1.0 1.0 1.0
sphere 0 3.5 0 1 0.5 0.5 0.5 0.5 0.5 0.5 0.50 0.50 0.50 1.0 1.0 1.0
