eye 50.0 60.0 50.0
look 0 0 0
up 0 1 0
d 50.0
bounds -3 -3 3 3
res 2048 2048
ambient 0.1 0.1 0.1
light 300 0 0 0 0.1 0.8 0.8
light 0 300 0 0 0.1 0.4 0.1
light 0 0 300 0 0.0 0.1 0.6
sphere 0 0 0 0.6 0.1 0.1 0.1 0.5 0.5 0.5 0.5 0.5 0.5 1.0 1.0 1.0
sphere 2 3 5 2 0.1 0.1 0.1 0.5 0.5 0.5 0.5 0.5 0.5 1.0 1.0 1.0
sphere 1 5 3 0.3 0.1 0.1 0.1 0.5 0.5 0.5 0.5 0.5 0.5 1.0 1.0 1.0
sphere 0 3 1 1.5 0.1 0.1 0.1 0.5 0.5 0.5 0.5 0.5 0.5 1.0 1.0 1.0
sphere 5 5 2 1.5 0.1 0.1 0.1 0.5 0.5 0.5 0.5 0.5 0.5 1.0 1.0 1.0
sphere 5 2 2 1 0.1 0.1 0.1 0.5 0.5 0.5 0.5 0.5 0.5 1.0 1.0 1.0
