eye 50.0 50.0 100.0
look 50.0 50.0 10.0
up 0 1 0
d 5.0
bounds -2 -2 2 2
res 2048 2048
recursionLevel 6
ambient 0.2 0.2 0.2
light 20 100 100 1 0.75 0.75 0.75
light 80 100 100 1 0.75 0.75 0.75


model 1.0 0.0 0.0 -90 25 50 30 0 sharp checker.obj
model 0.0 0.0 0.0 0 5 50 50 -10 sharp checker.obj
model 0.0 1.0 0.0 -90 0.05 30 30 0 smooth cat.obj
model 0.0 1.0 0.0 -90 0.05 70 30 0 smooth cat.obj

sphere 60 30 30 3 0.2 0.2 0.2 0.6 0.6 0.6 0.5 0.5 0.5 0.9 0.9 0.9 0.2 0.2 0.2 2.0
sphere 40 30 30 3 0.2 0.2 0.2 0.6 0.6 0.6 0.5 0.5 0.5 0.9 0.9 0.9 0.2 0.2 0.2 2.0
sphere 50 30 -30 3 0.2 0.2 0.2 0.6 0.6 0.6 0.5 0.5 0.5 0.9 0.9 0.9 0.2 0.2 0.2 2.0

sphere 30 30 5 2 0.2 0.2 0.2 0.7 0.0 0.0 1.0 1.0 1.0 0.9 0.9 0.9 0.5 0.5 0.5 2.0
sphere 35 30 5 2 0.2 0.2 0.2 0.7 0.3 0.0 1.0 1.0 1.0 0.9 0.9 0.9 0.5 0.5 0.5 2.0
sphere 40 30 5 2 0.2 0.2 0.2 0.7 0.7 0.0 1.0 1.0 1.0 0.9 0.9 0.9 0.5 0.5 0.5 2.0
sphere 45 30 5 2 0.2 0.2 0.2 0.3 0.7 0.0 1.0 1.0 1.0 0.9 0.9 0.9 0.5 0.5 0.5 2.0
sphere 50 30 5 2 0.2 0.2 0.2 0.3 0.7 0.3 1.0 1.0 1.0 0.9 0.9 0.9 0.5 0.5 0.5 2.0
sphere 55 30 5 2 0.2 0.2 0.2 0.0 0.7 0.3 1.0 1.0 1.0 0.9 0.9 0.9 0.5 0.5 0.5 2.0
sphere 60 30 5 2 0.2 0.2 0.2 0.0 0.7 0.7 1.0 1.0 1.0 0.9 0.9 0.9 0.5 0.5 0.5 2.0
sphere 65 30 5 2 0.2 0.2 0.2 0.0 0.3 0.7 1.0 1.0 1.0 0.9 0.9 0.9 0.5 0.5 0.5 2.0
sphere 70 30 5 2 0.2 0.2 0.2 0.0 0.0 0.7 1.0 1.0 1.0 0.9 0.9 0.9 0.5 0.5 0.5 2.0

sphere 45 105 -90 2 0.2 0.2 0.2 0.7 0.0 0.0 0.3 0.3 0.3 0.9 0.9 0.9 0.1 0.1 0.1 2.0
sphere 50 105 -90 2 0.2 0.2 0.2 0.7 0.3 0.0 0.3 0.3 0.3 0.9 0.9 0.9 0.1 0.1 0.1 2.0
sphere 55 105 -90 2 0.2 0.2 0.2 0.7 0.7 0.0 0.3 0.3 0.3 0.9 0.9 0.9 0.1 0.1 0.1 2.0
sphere 45 100 -90 2 0.2 0.2 0.2 0.3 0.7 0.0 0.3 0.3 0.3 0.9 0.9 0.9 0.1 0.1 0.1 2.0
sphere 50 100 -90 2 0.2 0.2 0.2 0.3 0.7 0.3 0.3 0.3 0.3 0.9 0.9 0.9 0.1 0.1 0.1 2.0
sphere 55 100 -90 2 0.2 0.2 0.2 0.0 0.7 0.3 0.3 0.3 0.3 0.9 0.9 0.9 0.1 0.1 0.1 2.0
sphere 45 95 -90 2 0.2 0.2 0.2 0.0 0.7 0.7 0.3 0.3 0.3 0.9 0.9 0.9 0.1 0.1 0.1 2.0
sphere 50 95 -90 2 0.2 0.2 0.2 0.0 0.3 0.7 0.3 0.3 0.3 0.9 0.9 0.9 0.1 0.1 0.1 2.0
sphere 55 95 -90 2 0.2 0.2 0.2 0.0 0.0 0.7 0.3 0.3 0.3 0.9 0.9 0.9 0.1 0.1 0.1 2.0

model 1.0 0.0 0.0 -90 15 50 20 -130 sharp board.obj
model 1.0 0.0 0.0 -90 15 50 30 -130 sharp board.obj
model 1.0 0.0 0.0 -90 15 50 40 -130 sharp board.obj
model 1.0 0.0 0.0 -90 15 50 50 -130 sharp board.obj
model 1.0 0.0 0.0 -90 15 50 60 -130 sharp board.obj
model 1.0 0.0 0.0 -90 15 50 70 -130 sharp board.obj
model 1.0 0.0 0.0 -90 15 50 80 -130 sharp board.obj
model 1.0 0.0 0.0 -90 15 50 90 -130 sharp board.obj
model 1.0 0.0 0.0 -90 15 50 100 -130 sharp board.obj
model 1.0 0.0 0.0 -90 15 50 110 -130 sharp board.obj
model 1.0 0.0 0.0 -90 15 50 120 -130 sharp board.obj

sphere 50 50 0 6 0.2 0.2 0.2 0.6 0.6 0.6 0.5 0.5 0.5 0.9 0.9 0.9 0.2 0.2 0.2 2.0
sphere 50 100 0 3 0.2 0.2 0.2 0.6 0.6 0.6 0.5 0.5 0.5 0.9 0.9 0.9 0.2 0.2 0.2 2.0
